[38;2;20;20;120;48;2;29;24;118m▀[38;2;20;20;120;48;2;29;24;118m▀[38;2;20;20;120;48;2;29;24;118m▀[38;2;20;20;120;48;2;29;24;118m▀[38;2;20;20;120;48;2;29;24;118m▀[38;2;20;20;120;48;2;29;24;118m▀[38;2;20;20;120;48;2;29;24;118m▀[38;2;20;20;120;48;2;29;24;118m▀[38;2;20;20;120;48;2;29;24;118m▀[38;2;20;20;120;48;2;29;24;118m▀[38;2;20;20;120;48;2;29;24;118m▀[38;2;20;20;120;48;2;29;24;118m▀[38;2;20;20;120;48;2;29;24;118m▀[38;2;20;20;120;48;2;29;24;118m▀[38;2;20;20;120;48;2;29;24;118m▀[38;2;20;20;120;48;2;29;24;118m▀[38;2;20;20;120;48;2;29;24;118m▀[38;2;20;20;120;48;2;29;24;118m▀[38;2;20;20;120;48;2;29;24;118m▀[38;2;20;20;120;48;2;29;24;118m▀[38;2;20;20;120;48;2;29;24;118m▀[38;2;20;20;120;48;2;29;24;118m▀[38;2;20;20;120;48;2;29;24;118m▀[38;2;20;20;120;48;2;29;24;118m▀[38;2;20;20;120;48;2;29;24;118m▀[38;2;20;20;120;48;2;29;24;118m▀[38;2;20;20;120;48;2;29;24;118m▀[38;2;20;20;120;48;2;29;24;118m▀[38;2;20;20;120;48;2;29;24;118m▀[38;2;20;20;120;48;2;29;24;118m▀[38;2;20;20;120;48;2;29;24;118m▀[38;2;20;20;120;48;2;29;24;118m▀[38;2;20;20;120;48;2;29;24;118m▀[38;2;20;20;120;48;2;29;24;118m▀[38;2;20;20;120;48;2;29;24;118m▀[38;2;20;20;120;48;2;29;24;118m▀[38;2;20;20;120;48;2;29;24;118m▀[38;2;20;20;120;48;2;29;24;118m▀[38;2;20;20;120;48;2;29;24;118m▀[38;2;20;20;120;48;2;29;24;118m▀0
[38;2;37;28;117;48;2;46;32;115m▀[38;2;37;28;117;48;2;46;32;115m▀[38;2;37;28;117;48;2;46;32;115m▀[38;2;37;28;117;48;2;46;32;115m▀[38;2;37;28;117;48;2;46;32;115m▀[38;2;37;28;117;48;2;46;32;115m▀[38;2;37;28;117;48;2;46;32;115m▀[38;2;37;28;117;48;2;46;32;115m▀[38;2;37;28;117;48;2;46;32;115m▀[38;2;37;28;117;48;2;46;32;115m▀[38;2;37;28;117;48;2;46;32;115m▀[38;2;37;28;117;48;2;46;32;115m▀[38;2;37;28;117;48;2;46;32;115m▀[38;2;37;28;117;48;2;46;32;115m▀[38;2;37;28;117;48;2;46;32;115m▀[38;2;37;28;117;48;2;46;32;115m▀[38;2;37;28;117;48;2;46;32;115m▀[38;2;37;28;117;48;2;46;32;115m▀[38;2;37;28;117;48;2;46;32;115m▀[38;2;37;28;117;48;2;46;32;115m▀[38;2;37;28;117;48;2;46;32;115m▀[38;2;37;28;117;48;2;46;32;115m▀[38;2;37;28;117;48;2;46;32;115m▀[38;2;37;28;117;48;2;46;32;115m▀[38;2;37;28;117;48;2;46;32;115m▀[38;2;37;28;117;48;2;46;32;115m▀[38;2;37;28;117;48;2;46;32;115m▀[38;2;37;28;117;48;2;46;32;115m▀[38;2;37;28;117;48;2;46;32;115m▀[38;2;37;28;117;48;2;46;32;115m▀[38;2;37;28;117;48;2;46;32;115m▀[38;2;37;28;117;48;2;46;32;115m▀[38;2;37;28;117;48;2;46;32;115m▀[38;2;37;28;117;48;2;46;32;115m▀[38;2;37;28;117;48;2;46;32;115m▀[38;2;37;28;117;48;2;46;32;115m▀[38;2;37;28;117;48;2;46;32;115m▀[38;2;37;28;117;48;2;46;32;115m▀[38;2;37;28;117;48;2;46;32;115m▀[38;2;37;28;117;48;2;46;32;115m▀0
[38;2;55;36;113;48;2;63;40;111m▀[38;2;55;36;113;48;2;63;40;111m▀[38;2;55;36;113;48;2;63;40;111m▀[38;2;55;36;113;48;2;63;40;111m▀[38;2;55;36;113;48;2;63;40;111m▀[38;2;55;36;113;48;2;63;40;111m▀[38;2;55;36;113;48;2;63;40;111m▀[38;2;55;36;113;48;2;63;40;111m▀[38;2;55;36;113;48;2;63;40;111m▀[38;2;55;36;113;48;2;63;40;111m▀[38;2;55;36;113;48;2;63;40;111m▀[38;2;55;36;113;48;2;63;40;111m▀[38;2;55;36;113;48;2;63;40;111m▀[38;2;55;36;113;48;2;63;40;111m▀[38;2;55;36;113;48;2;63;40;111m▀[38;2;55;36;113;48;2;63;40;111m▀[38;2;55;36;113;48;2;63;40;111m▀[38;2;55;36;113;48;2;63;40;111m▀[38;2;55;36;113;48;2;63;40;111m▀[38;2;55;36;113;48;2;63;40;111m▀[38;2;55;36;113;48;2;63;40;111m▀[38;2;55;36;113;48;2;63;40;111m▀[38;2;55;36;113;48;2;63;40;111m▀[38;2;55;36;113;48;2;63;40;111m▀[38;2;55;36;113;48;2;63;40;111m▀[38;2;55;36;113;48;2;63;40;111m▀[38;2;55;36;113;48;2;63;40;111m▀[38;2;55;36;113;48;2;63;40;111m▀[38;2;55;36;113;48;2;63;40;111m▀[38;2;55;36;113;48;2;63;40;111m▀[38;2;55;36;113;48;2;63;40;111m▀[38;2;55;36;113;48;2;63;40;111m▀[38;2;55;36;113;48;2;63;40;111m▀[38;2;55;36;113;48;2;63;40;111m▀[38;2;55;36;113;48;2;63;40;111m▀[38;2;55;36;113;48;2;63;40;111m▀[38;2;55;36;113;48;2;63;40;111m▀[38;2;55;36;113;48;2;63;40;111m▀[38;2;55;36;113;48;2;63;40;111m▀[38;2;55;36;113;48;2;63;40;111m▀0
[38;2;72;43;110;48;2;81;47;108m▀[38;2;72;43;110;48;2;81;47;108m▀[38;2;72;43;110;48;2;81;47;108m▀[38;2;72;43;110;48;2;81;47;108m▀[38;2;72;43;110;48;2;81;47;108m▀[38;2;72;43;110;48;2;81;47;108m▀[38;2;72;43;110;48;2;81;47;108m▀[38;2;72;43;110;48;2;81;47;108m▀[38;2;72;43;110;48;2;81;47;108m▀[38;2;72;43;110;48;2;81;47;108m▀[38;2;72;43;110;48;2;81;47;108m▀[38;2;72;43;110;48;2;81;47;108m▀[38;2;72;43;110;48;2;81;47;108m▀[38;2;72;43;110;48;2;81;47;108m▀[38;2;72;43;110;48;2;81;47;108m▀[38;2;72;43;110;48;2;81;47;108m▀[38;2;72;43;110;48;2;81;47;108m▀[38;2;72;43;110;48;2;81;47;108m▀[38;2;72;43;110;48;2;81;47;108m▀[38;2;72;43;110;48;2;81;47;108m▀[38;2;72;43;110;48;2;81;47;108m▀[38;2;72;43;110;48;2;81;47;108m▀[38;2;72;43;110;48;2;81;47;108m▀[38;2;72;43;110;48;2;81;47;108m▀[38;2;72;43;110;48;2;81;47;108m▀[38;2;72;43;110;48;2;81;47;108m▀[38;2;72;43;110;48;2;81;47;108m▀[38;2;72;43;110;48;2;81;47;108m▀[38;2;72;43;110;48;2;81;47;108m▀[38;2;72;43;110;48;2;81;47;108m▀[38;2;72;43;110;48;2;81;47;108m▀[38;2;72;43;110;48;2;81;47;108m▀[38;2;72;43;110;48;2;81;47;108m▀[38;2;72;43;110;48;2;81;47;108m▀[38;2;72;43;110;48;2;81;47;108m▀[38;2;72;43;110;48;2;81;47;108m▀[38;2;72;43;110;48;2;81;47;108m▀[38;2;72;43;110;48;2;81;47;108m▀[38;2;72;43;110;48;2;81;47;108m▀[38;2;72;43;110;48;2;81;47;108m▀0
[38;2;90;51;106;48;2;98;55;104m▀[38;2;90;51;106;48;2;98;55;104m▀[38;2;90;51;106;48;2;98;55;104m▀[38;2;90;51;106;48;2;98;55;104m▀[38;2;90;51;106;48;2;98;55;104m▀[38;2;90;51;106;48;2;98;55;104m▀[38;2;90;51;106;48;2;98;55;104m▀[38;2;90;51;106;48;2;98;55;104m▀[38;2;90;51;106;48;2;98;55;104m▀[38;2;90;51;106;48;2;98;55;104m▀[38;2;90;51;106;48;2;98;55;104m▀[38;2;90;51;106;48;2;98;55;104m▀[38;2;90;51;106;48;2;98;55;104m▀[38;2;90;51;106;48;2;98;55;104m▀[38;2;90;51;106;48;2;98;55;104m▀[38;2;90;51;106;48;2;98;55;104m▀[38;2;90;51;106;48;2;98;55;104m▀[38;2;90;51;106;48;2;98;55;104m▀[38;2;90;51;106;48;2;98;55;104m▀[38;2;90;51;106;48;2;98;55;104m▀[38;2;90;51;106;48;2;255;220;120m▀[38;2;90;51;106;48;2;98;55;104m▀[38;2;90;51;106;48;2;98;55;104m▀[38;2;90;51;106;48;2;98;55;104m▀[38;2;90;51;106;48;2;98;55;104m▀[38;2;90;51;106;48;2;98;55;104m▀[38;2;90;51;106;48;2;98;55;104m▀[38;2;90;51;106;48;2;98;55;104m▀[38;2;90;51;106;48;2;98;55;104m▀[38;2;90;51;106;48;2;98;55;104m▀[38;2;90;51;106;48;2;98;55;104m▀[38;2;90;51;106;48;2;98;55;104m▀[38;2;90;51;106;48;2;98;55;104m▀[38;2;90;51;106;48;2;98;55;104m▀[38;2;90;51;106;48;2;98;55;104m▀[38;2;90;51;106;48;2;98;55;104m▀[38;2;90;51;106;48;2;98;55;104m▀[38;2;90;51;106;48;2;98;55;104m▀[38;2;90;51;106;48;2;98;55;104m▀[38;2;90;51;106;48;2;98;55;104m▀0
[38;2;107;59;103;48;2;116;63;101m▀[38;2;107;59;103;48;2;116;63;101m▀[38;2;107;59;103;48;2;116;63;101m▀[38;2;107;59;103;48;2;116;63;101m▀[38;2;107;59;103;48;2;116;63;101m▀[38;2;107;59;103;48;2;116;63;101m▀[38;2;107;59;103;48;2;116;63;101m▀[38;2;107;59;103;48;2;116;63;101m▀[38;2;107;59;103;48;2;116;63;101m▀[38;2;107;59;103;48;2;116;63;101m▀[38;2;107;59;103;48;2;116;63;101m▀[38;2;107;59;103;48;2;116;63;101m▀[38;2;107;59;103;48;2;116;63;101m▀[38;2;107;59;103;48;2;116;63;101m▀[38;2;107;59;103;48;2;116;63;101m▀[38;2;107;59;103;48;2;116;63;101m▀[38;2;107;59;103;48;2;255;220;120m▀[38;2;255;220;120;48;2;255;220;120m▀[38;2;255;220;120;48;2;255;220;120m▀[38;2;255;220;120;48;2;255;220;120m▀[38;2;255;220;120;48;2;255;220;120m▀[38;2;255;220;120;48;2;255;220;120m▀[38;2;255;220;120;48;2;255;220;120m▀[38;2;255;220;120;48;2;255;220;120m▀[38;2;107;59;103;48;2;255;220;120m▀[38;2;107;59;103;48;2;116;63;101m▀[38;2;107;59;103;48;2;116;63;101m▀[38;2;107;59;103;48;2;116;63;101m▀[38;2;107;59;103;48;2;116;63;101m▀[38;2;107;59;103;48;2;116;63;101m▀[38;2;107;59;103;48;2;116;63;101m▀[38;2;107;59;103;48;2;116;63;101m▀[38;2;107;59;103;48;2;116;63;101m▀[38;2;107;59;103;48;2;116;63;101m▀[38;2;107;59;103;48;2;116;63;101m▀[38;2;107;59;103;48;2;116;63;101m▀[38;2;107;59;103;48;2;116;63;101m▀[38;2;107;59;103;48;2;116;63;101m▀[38;2;107;59;103;48;2;116;63;101m▀[38;2;107;59;103;48;2;116;63;101m▀0
[38;2;124;67;99;48;2;133;71;97m▀[38;2;124;67;99;48;2;133;71;97m▀[38;2;124;67;99;48;2;133;71;97m▀[38;2;124;67;99;48;2;133;71;97m▀[38;2;124;67;99;48;2;133;71;97m▀[38;2;124;67;99;48;2;133;71;97m▀[38;2;124;67;99;48;2;133;71;97m▀[38;2;124;67;99;48;2;133;71;97m▀[38;2;124;67;99;48;2;133;71;97m▀[38;2;124;67;99;48;2;133;71;97m▀[38;2;124;67;99;48;2;133;71;97m▀[38;2;124;67;99;48;2;133;71;97m▀[38;2;124;67;99;48;2;133;71;97m▀[38;2;124;67;99;48;2;133;71;97m▀[38;2;124;67;99;48;2;133;71;97m▀[38;2;255;220;120;48;2;255;220;120m▀[38;2;255;220;120;48;2;255;220;120m▀[38;2;255;220;120;48;2;255;220;120m▀[38;2;255;220;120;48;2;255;220;120m▀[38;2;255;220;120;48;2;255;220;120m▀[38;2;255;220;120;48;2;255;220;120m▀[38;2;255;220;120;48;2;255;220;120m▀[38;2;255;220;120;48;2;255;220;120m▀[38;2;255;220;120;48;2;255;220;120m▀[38;2;255;220;120;48;2;255;220;120m▀[38;2;255;220;120;48;2;255;220;120m▀[38;2;124;67;99;48;2;133;71;97m▀[38;2;124;67;99;48;2;133;71;97m▀[38;2;124;67;99;48;2;133;71;97m▀[38;2;124;67;99;48;2;133;71;97m▀[38;2;124;67;99;48;2;133;71;97m▀[38;2;124;67;99;48;2;133;71;97m▀[38;2;124;67;99;48;2;133;71;97m▀[38;2;124;67;99;48;2;133;71;97m▀[38;2;124;67;99;48;2;133;71;97m▀[38;2;124;67;99;48;2;133;71;97m▀[38;2;124;67;99;48;2;133;71;97m▀[38;2;124;67;99;48;2;133;71;97m▀[38;2;124;67;99;48;2;133;71;97m▀[38;2;124;67;99;48;2;133;71;97m▀0
[38;2;142;75;96;48;2;150;79;94m▀[38;2;142;75;96;48;2;150;79;94m▀[38;2;142;75;96;48;2;150;79;94m▀[38;2;142;75;96;48;2;150;79;94m▀[38;2;142;75;96;48;2;150;79;94m▀[38;2;142;75;96;48;2;150;79;94m▀[38;2;142;75;96;48;2;150;79;94m▀[38;2;142;75;96;48;2;150;79;94m▀[38;2;142;75;96;48;2;150;79;94m▀[38;2;142;75;96;48;2;150;79;94m▀[38;2;142;75;96;48;2;150;79;94m▀[38;2;142;75;96;48;2;150;79;94m▀[38;2;142;75;96;48;2;150;79;94m▀[38;2;142;75;96;48;2;150;79;94m▀[38;2;142;75;96;48;2;255;220;120m▀[38;2;255;220;120;48;2;255;220;120m▀[38;2;255;220;120;48;2;255;220;120m▀[38;2;255;220;120;48;2;255;220;120m▀[38;2;255;220;120;48;2;255;220;120m▀[38;2;255;220;120;48;2;255;220;120m▀[38;2;255;220;120;48;2;255;220;120m▀[38;2;255;220;120;48;2;255;220;120m▀[38;2;255;220;120;48;2;255;220;120m▀[38;2;255;220;120;48;2;255;220;120m▀[38;2;255;220;120;48;2;255;220;120m▀[38;2;255;220;120;48;2;255;220;120m▀[38;2;142;75;96;48;2;255;220;120m▀[38;2;142;75;96;48;2;150;79;94m▀[38;2;142;75;96;48;2;150;79;94m▀[38;2;142;75;96;48;2;150;79;94m▀[38;2;142;75;96;48;2;150;79;94m▀[38;2;142;75;96;48;2;150;79;94m▀[38;2;142;75;96;48;2;150;79;94m▀[38;2;142;75;96;48;2;150;79;94m▀[38;2;142;75;96;48;2;150;79;94m▀[38;2;142;75;96;48;2;150;79;94m▀[38;2;142;75;96;48;2;150;79;94m▀[38;2;142;75;96;48;2;150;79;94m▀[38;2;142;75;96;48;2;150;79;94m▀[38;2;142;75;96;48;2;150;79;94m▀0
[38;2;159;83;92;48;2;168;87;90m▀[38;2;159;83;92;48;2;168;87;90m▀[38;2;159;83;92;48;2;168;87;90m▀[38;2;159;83;92;48;2;168;87;90m▀[38;2;159;83;92;48;2;168;87;90m▀[38;2;159;83;92;48;2;168;87;90m▀[38;2;159;83;92;48;2;168;87;90m▀[38;2;159;83;92;48;2;168;87;90m▀[38;2;159;83;92;48;2;168;87;90m▀[38;2;159;83;92;48;2;168;87;90m▀[38;2;159;83;92;48;2;168;87;90m▀[38;2;159;83;92;48;2;168;87;90m▀[38;2;159;83;92;48;2;168;87;90m▀[38;2;159;83;92;48;2;168;87;90m▀[38;2;159;83;92;48;2;168;87;90m▀[38;2;255;220;120;48;2;255;220;120m▀[38;2;255;220;120;48;2;255;220;120m▀[38;2;255;220;120;48;2;255;220;120m▀[38;2;255;220;120;48;2;255;220;120m▀[38;2;255;220;120;48;2;255;220;120m▀[38;2;255;220;120;48;2;255;220;120m▀[38;2;255;220;120;48;2;255;220;120m▀[38;2;255;220;120;48;2;255;220;120m▀[38;2;255;220;120;48;2;255;220;120m▀[38;2;255;220;120;48;2;255;220;120m▀[38;2;255;220;120;48;2;255;220;120m▀[38;2;159;83;92;48;2;168;87;90m▀[38;2;159;83;92;48;2;168;87;90m▀[38;2;159;83;92;48;2;168;87;90m▀[38;2;159;83;92;48;2;168;87;90m▀[38;2;159;83;92;48;2;168;87;90m▀[38;2;159;83;92;48;2;168;87;90m▀[38;2;159;83;92;48;2;168;87;90m▀[38;2;159;83;92;48;2;168;87;90m▀[38;2;159;83;92;48;2;168;87;90m▀[38;2;159;83;92;48;2;168;87;90m▀[38;2;159;83;92;48;2;168;87;90m▀[38;2;159;83;92;48;2;168;87;90m▀[38;2;159;83;92;48;2;168;87;90m▀[38;2;159;83;92;48;2;168;87;90m▀0
[38;2;177;90;89;48;2;185;94;87m▀[38;2;177;90;89;48;2;185;94;87m▀[38;2;177;90;89;48;2;185;94;87m▀[38;2;177;90;89;48;2;185;94;87m▀[38;2;177;90;89;48;2;185;94;87m▀[38;2;177;90;89;48;2;185;94;87m▀[38;2;177;90;89;48;2;185;94;87m▀[38;2;177;90;89;48;2;185;94;87m▀[38;2;177;90;89;48;2;185;94;87m▀[38;2;177;90;89;48;2;185;94;87m▀[38;2;177;90;89;48;2;185;94;87m▀[38;2;177;90;89;48;2;185;94;87m▀[38;2;177;90;89;48;2;185;94;87m▀[38;2;177;90;89;48;2;185;94;87m▀[38;2;177;90;89;48;2;185;94;87m▀[38;2;255;220;120;48;2;185;94;87m▀[38;2;255;220;120;48;2;255;220;120m▀[38;2;255;220;120;48;2;255;220;120m▀[38;2;255;220;120;48;2;255;220;120m▀[38;2;255;220;120;48;2;255;220;120m▀[38;2;255;220;120;48;2;255;220;120m▀[38;2;255;220;120;48;2;255;220;120m▀[38;2;255;220;120;48;2;255;220;120m▀[38;2;255;220;120;48;2;255;220;120m▀[38;2;255;220;120;48;2;255;220;120m▀[38;2;255;220;120;48;2;185;94;87m▀[38;2;177;90;89;48;2;185;94;87m▀[38;2;177;90;89;48;2;185;94;87m▀[38;2;177;90;89;48;2;185;94;87m▀[38;2;177;90;89;48;2;185;94;87m▀[38;2;177;90;89;48;2;185;94;87m▀[38;2;177;90;89;48;2;185;94;87m▀[38;2;177;90;89;48;2;185;94;87m▀[38;2;177;90;89;48;2;185;94;87m▀[38;2;177;90;89;48;2;185;94;87m▀[38;2;177;90;89;48;2;185;94;87m▀[38;2;177;90;89;48;2;185;94;87m▀[38;2;177;90;89;48;2;185;94;87m▀[38;2;177;90;89;48;2;185;94;87m▀[38;2;177;90;89;48;2;185;94;87m▀0
[38;2;194;98;85;48;2;203;102;83m▀[38;2;194;98;85;48;2;203;102;83m▀[38;2;194;98;85;48;2;203;102;83m▀[38;2;194;98;85;48;2;203;102;83m▀[38;2;194;98;85;48;2;203;102;83m▀[38;2;194;98;85;48;2;203;102;83m▀[38;2;194;98;85;48;2;203;102;83m▀[38;2;194;98;85;48;2;203;102;83m▀[38;2;194;98;85;48;2;203;102;83m▀[38;2;194;98;85;48;2;203;102;83m▀[38;2;194;98;85;48;2;203;102;83m▀[38;2;194;98;85;48;2;203;102;83m▀[38;2;194;98;85;48;2;203;102;83m▀[38;2;194;98;85;48;2;203;102;83m▀[38;2;194;98;85;48;2;203;102;83m▀[38;2;194;98;85;48;2;203;102;83m▀[38;2;194;98;85;48;2;203;102;83m▀[38;2;255;220;120;48;2;203;102;83m▀[38;2;255;220;120;48;2;203;102;83m▀[38;2;255;220;120;48;2;203;102;83m▀[38;2;255;220;120;48;2;255;220;120m▀[38;2;255;220;120;48;2;203;102;83m▀[38;2;255;220;120;48;2;203;102;83m▀[38;2;255;220;120;48;2;203;102;83m▀[38;2;194;98;85;48;2;203;102;83m▀[38;2;194;98;85;48;2;203;102;83m▀[38;2;194;98;85;48;2;203;102;83m▀[38;2;194;98;85;48;2;203;102;83m▀[38;2;194;98;85;48;2;203;102;83m▀[38;2;194;98;85;48;2;203;102;83m▀[38;2;194;98;85;48;2;203;102;83m▀[38;2;194;98;85;48;2;203;102;83m▀[38;2;194;98;85;48;2;203;102;83m▀[38;2;194;98;85;48;2;203;102;83m▀[38;2;194;98;85;48;2;203;102;83m▀[38;2;194;98;85;48;2;203;102;83m▀[38;2;194;98;85;48;2;203;102;83m▀[38;2;194;98;85;48;2;203;102;83m▀[38;2;194;98;85;48;2;203;102;83m▀[38;2;194;98;85;48;2;203;102;83m▀0
[38;2;211;106;82;48;2;220;110;80m▀[38;2;211;106;82;48;2;220;110;80m▀[38;2;211;106;82;48;2;220;110;80m▀[38;2;211;106;82;48;2;220;110;80m▀[38;2;211;106;82;48;2;220;110;80m▀[38;2;211;106;82;48;2;220;110;80m▀[38;2;211;106;82;48;2;220;110;80m▀[38;2;211;106;82;48;2;220;110;80m▀[38;2;211;106;82;48;2;220;110;80m▀[38;2;211;106;82;48;2;220;110;80m▀[38;2;211;106;82;48;2;220;110;80m▀[38;2;211;106;82;48;2;220;110;80m▀[38;2;211;106;82;48;2;220;110;80m▀[38;2;211;106;82;48;2;220;110;80m▀[38;2;211;106;82;48;2;220;110;80m▀[38;2;211;106;82;48;2;220;110;80m▀[38;2;211;106;82;48;2;220;110;80m▀[38;2;211;106;82;48;2;220;110;80m▀[38;2;211;106;82;48;2;220;110;80m▀[38;2;211;106;82;48;2;220;110;80m▀[38;2;211;106;82;48;2;220;110;80m▀[38;2;211;106;82;48;2;220;110;80m▀[38;2;211;106;82;48;2;220;110;80m▀[38;2;211;106;82;48;2;220;110;80m▀[38;2;211;106;82;48;2;220;110;80m▀[38;2;211;106;82;48;2;220;110;80m▀[38;2;211;106;82;48;2;220;110;80m▀[38;2;211;106;82;48;2;220;110;80m▀[38;2;211;106;82;48;2;220;110;80m▀[38;2;211;106;82;48;2;220;110;80m▀[38;2;211;106;82;48;2;220;110;80m▀[38;2;211;106;82;48;2;220;110;80m▀[38;2;211;106;82;48;2;220;110;80m▀[38;2;211;106;82;48;2;220;110;80m▀[38;2;211;106;82;48;2;220;110;80m▀[38;2;211;106;82;48;2;220;110;80m▀[38;2;211;106;82;48;2;220;110;80m▀[38;2;211;106;82;48;2;220;110;80m▀[38;2;211;106;82;48;2;220;110;80m▀[38;2;211;106;82;48;2;220;110;80m▀0
